#Solver type:
rMOCO-S_tda
#Solver status:
AbortTimeLimit
#Number of nondominated points:
37
#Number of models solved:
190
#Elapsed time (seconds):
11.8277
#Ideal point:
2109 1962.74 1816.63 2038.62 2228.56 
#Incumbent nadir point:
1556.53 1675.05 1490.39 1634.55 1662.8 
#The set of nondominated points:
1975.54 1826.2 1689.4 1906 2089.16 
1620.65 1780.88 1496.46 1791.98 2212.84 
1722.58 1802.71 1604.18 1902.06 2201.72 
1743.59 1830.93 1618.51 1979.27 2168.11 
1711.29 1684.79 1577.72 2135.34 1857.09 
1669.49 1758.05 1539.81 2107.05 1987.75 
1651.94 1870.8 1605.92 2070.21 2080.73 
1745.68 1743.81 1626.43 2129.55 1917.77 
1686.13 1773.76 1584.86 2118.49 1967.13 
1723.35 1864.18 1696.86 2076.72 2017.41 
1718.06 1816.51 1668.35 2046.17 2085.81 
1708.47 1826.5 1695.4 1867.05 2173.41 
1716.08 1821.37 1683.44 1936.63 2160.31 
1741.81 1825.69 1667.43 1989.06 2139.42 
1750.52 1797.34 1671.3 2124.81 1889.78 
1760.1 1824.26 1732.06 2004.91 2087.22 
1714.56 1825.95 1730.33 1919.07 2140.53 
1772.85 1706.15 1757.69 2070.09 1878.92 
1857.78 1796.31 1754.58 2066.76 1960.48 
1803.48 1876.45 1746.74 2058.35 2015.13 
1769.66 1795.97 1796.49 1916.92 2085.73 
1797.61 1810.65 1781.9 1970.32 2069.74 
1792.82 1825.57 1793 2019.9 2011.18 
1799.09 1779.62 1841.28 1968.65 1971.4 
1771.14 1759.12 1844.32 1867.66 2023.79 
1764.47 1787.15 1841.09 1915.44 2020.26 
1510.66 1628.12 1890.12 1587.7 1614.89 
1559.37 1669 1888.75 1637.66 1663.58 
1741 1842.73 1848.28 1804.84 1835.54 
1786.19 1839.68 1845.44 1843.46 1912.06 
1734.81 1837.68 1843.57 1893.91 1924.36 
1682.22 1867.24 1784.79 1916.15 2072.9 
1765.53 1861.44 1779.38 1966.86 2066.98 
1730.45 1877.41 1659.62 2062.45 2076.25 
1717.51 1877.94 1709.64 2042.66 2072.22 
1740.63 1872.15 1712.05 1966.88 2121.11 
1782.68 1877.72 1795.33 2018.94 1992.95 
